0000000000000000000000000000000000000000
1111111011100000000000000000000000000000
1111111100110100000000000000000000000000
1111111100101100000000000000000000000000
1111111101010100000000000000000000000000
1111111101011100000000000000000000000000
1111111111110101000010000010000000000000
1111111100111000000000000000000000000000
1111111110000000000000000000000000000000
0000000000000000000000000000000000000000
0000000000000000000000000000000000000000
1111111011101000000011000000000000000000
1111111000110000000000001110001000000000
0000000000000000000000000000000000000000
0000000000000000000000000000000000000000
0000000000000000000000000000000000000000
0000000000000000000000000000000000000000
0000000000000000000000000000000000000000
0000000000000000000000000000000000000000
1111111111101000000001110010000000001000
0000000000000000000001101010000000000000
1111111111100000000000001100000000000000
1111111110000000000001110000000000000000
0000000000000000000000000000000000000000
1111111100000000000000000000000000000000
1111111011000000001000100000000000100111
0000000000000000000000000000000000000000
1111111011101000000111100000000000000000
1111111111101000000000010010000000000000
1111111111011000000000010000001100000000
0000000000000111110001100000000000000000
1111111100001000000000000000000000000000
1111111111110100000000000010000000000000
1111111111011000000001110000001000000000
1111110110100101000010000010000000000000
0000000000000000000000001110001000000000
1111110110101101000010000010000000000000
0000000000001000000000001110001000000000
1111110100100101000010000010000000000000
0000000000010000000000001110001000000000
1111110100101101000010000010000000000000
0000000000011000000000001110001000000000
1111111111101000000010000010000000000000
0000000000100000000000001110001000000000
1111111111101000000010010010000000000000
0000000000101000000000001110001000000000
0000000000101101000010000010000000000000
0000000001000101000010000010001001000000
0000000001100000000000001110001000000000
0000000001010101000010000010000000000000
0000000001000101000010000011010000000000
0000000001100000000010100010001000000000
0000000001001000000000001110001000000000
0000000001001000000000001100000000000000
0000000001011000000000001111001000000000
0000000000010111111111110010000000000000
0000000000110000000000001110001000000000
0000000000011111111111110010000000000000
0000000000111000000000001110001000000000
1111111111101000000010110010000000000000
0000000001101101000010000010001001000000
0000000010101000000000001110001000000000
0000000001111101000010000010000000000000
0000000001101101000010000011010000000000
0000000010101101000101000010001000000000
0000000001110000000000001110001000000000
0000000001110000000000001100000000000000
0000000010000000000000001111001000000000
0000000000000111111111110010000000000000
0000000010110000000000001110001000000000
0000000000001111111111110010000000000000
0000000010111000000000001110001000000000
1111111111101000000011000010000000000000
0000000010001101000010000010001001000000
0000000010101000000000001110001000000000
0000000010011101000010000010000000000000
0000000010001101000010000011010000000000
0000000010101101000101000010001000000000
0000000010010000000000001110001000000000
0000000010010000000000001100000000000000
0000000010100000000000001111001000000000
0000000000000111111111110010000000000000
0000000011010000000000001110001000000000
0000000000001111111111110010000000000000
0000000101111000000000001110001000000000
0000000011111000000100000010000000000000
0000000011110000000100010010001000000000
0000000011100000000100000011010000000000
0000000011011000000100010010001000000000
0000000011010000000011010010001000000000
0000000011001000000011100010001000000000
0000000011000000000011110010001000000000
0000000011101000000000001110001000000000
0000000100000000000000001111001000000000
0000000100101000000101010010000000000000
0000000100100000000101100010001000000000
0000000100010000000101010011010000000000
0000000100001000000101100010001000000000
0000000011101000000100100010001000000000
0000000011100000000100110010001000000000
0000000011011000000101000010001000000000
0000000100011000000000001110001000000000
0000000100110000000000001111001000000000
0000000101011000000110100010000000000000
0000000101010000000110110010001000000000
0000000101000000000110100011010000000000
0000000100111000000110110010001000000000
0000000100011000000101110010001000000000
0000000100010000000110000010001000000000
0000000100001000000110010010001000000000
0000000101001000000000001110001000000000
0000000101100000000000001111001000000000
0000000110100000000100000010000000000000
0000000110011000000100010010001000000000
0000000110001000000100000011010000000000
0000000110000000000100010010001000000000
0000000101111000000011010010001000000000
0000000101110000000011100010001000000000
0000000101101000000011110010001000000000
0000000110010000000000001110001000000000
0000000110101000000000001111001000000000
0000000111010000000101010010000000000000
0000000111001000000101100010001000000000
0000000110111000000101010011010000000000
0000000110110000000101100010001000000000
0000000110010000000100100010001000000000
0000000110001000000100110010001000000000
0000000110000000000101000010001000000000
0000000111000000000000001110001000000000
0000000111011000000000001111001000000000
0000001000000000000110100010000000000000
0000000111111000000110110010001000000000
0000000111101000000110100011010000000000
0000000111100000000110110010001000000000
0000000111000000000101110010001000000000
0000000110111000000110000010001000000000
0000000110110000000110010010001000000000
0000000111110000000000001110001000000000
0000001000001000000000001111001000000000
1111111111101000000111000010000000000000
0000001000010101000010000010001001000000
0000001000110000000000001110001000000000
0000001000100101000010000010000000000000
0000001000010101000010000011010000000000
0000001000110000000111010010001000000000
0000001000011000000000001110001000000000
0000001000011000000000001100000000000000
0000001000101000000000001111001000000000
0000000101001111111111110010000000000000
0000001001001000000000001110001000000000
0000000111110111111111110010000000000000
0000001001100000000000001110001000000000
0000001010001000001000010010000000000000
0000001010000000001000100010001000000000
0000001001110000001000010011010000000000
0000001001101000001000100010001000000000
0000001001001000000111100010001000000000
0000001001000000000111110010001000000000
0000001000111000001000000010001000000000
0000001001111000000000001110001000000000
0000001010010000000000001111001000000000
0000001010111000001000010010000000000000
0000001010110000001000100010001000000000
0000001010100000001000010011010000000000
0000001010011000001000100010001000000000
0000001001100000000111100010001000000000
0000001001011000000111110010001000000000
0000001001010000001000000010001000000000
0000001010101000000000001110001000000000
0000001011000000000000001111001000000000
0000000010110000001000110010000000000000
0000001001111000001000110010001000000000
0000001011001000000000001110001000000000
0000000010111000001001000010000000000000
0000001010101000001001000010001000000000
0000001011010000000000001110001000000000
0000000000100101000010000010000000000000
0000001011101101000010000010001001000000
0000001100001000000000001110001000000000
0000001011111101000010000010000000000000
0000001011101101000010000011010000000000
0000001100001000001001010010001000000000
0000001011110000000000001110001000000000
0000001011110000000000001100000000000000
0000001100000000000000001111001000000000
0000001011001111111111110010000000000000
0000001011011000000000001110001000000000
0000001011010111111111110010000000000000
0000001011100000000000001110001000000000
0000001011011000001001100010000000000000
0000000000110000001001100010001000000000
0000001100010000000000001110001000000000
0000001011100000001001110010000000000000
0000000000111000001001110010001000000000
0000001100011000000000001110001000000000
1111111111101000001010000010000000000000
0000001100110101000010000010001001000000
0000001101010000000000001110001000000000
0000001101000101000010000010000000000000
0000001100110101000010000011010000000000
0000001101010000001010010010001000000000
0000001100111000000000001110001000000000
0000001100111000000000001100000000000000
0000001101001000000000001111001000000000
0000001100010111111111110010000000000000
0000001100100000000000001110001000000000
0000001100011111111111110010000000000000
0000001100101000000000001110001000000000
0000001100100101000010000010000000000000
1111110110110000000000001110001000000000
0000001100101101000010000010000000000000
1111110110111000000000001110001000000000
0000000000000000000000000000000000000000
1111111000110000000000000000000000000000
0000000000000000000000000000000000000000
1111111011000000000011110000000000000000
0000000000000000000000000000000000000000
